120
<0>(0)[24](1)[](2)[19](3)[](4)[14](5)[](6)[19](7)[](8)[24.22](9)[](10)[19](11)[](12)[15](13)[](14)[19.14](15)[]
<1>(0)[24.12](1)[](2)[21](3)[](4)[16](5)[](6)[21](7)[](8)[21.16.10](9)[](10)[12](11)[](12)[10.19.22](13)[](14)[7](15)[]
<2>(0)[14.21](1)[](2)[17](3)[](4)[14](5)[](6)[17](7)[](8)[21.26.14](9)[](10)[15](11)[](12)[14.27.22](13)[](14)[10](15)[]
<3>(0)[28.21](1)[](2)[18](3)[](4)[14](5)[](6)[9](7)[](8)[10.19.14](9)[](10)[9](11)[](12)[12.27.21.15](13)[](14)[10](15)[]
<4>(0)[14.29](1)[](2)[27](3)[](4)[24](5)[](6)[23](7)[](8)[21.28](9)[](10)[16](11)[](12)[14](13)[](14)[12](15)[]
<5>(0)[10.29](1)[](2)[](3)[](4)[](5)[](6)[](7)[](8)[14](9)[](10)[12](11)[](12)[10](13)[](14)[9](15)[]
<6>(0)[7.25](1)[](2)[23](3)[](4)[22](5)[](6)[19](7)[](8)[24.27](9)[](10)[25](11)[](12)[24.26](13)[](14)[22](15)[]
<7>(0)[26.29](1)[](2)[27](3)[](4)[26](5)[](6)[25](7)[](8)[17.21](9)[](10)[15](11)[](12)[14.17](13)[](14)[5](15)[]
<8>(0)[7.27](1)[](2)[25](3)[](4)[24](5)[](6)[22](7)[](8)[24.27](9)[](10)[25](11)[](12)[24.26](13)[](14)[22](15)[]
<9>(0)[26](1)[](2)[27](3)[](4)[29](5)[](6)[](7)[](8)[14.19](9)[](10)[12.23](11)[](12)[10.22](13)[](14)[9.24](15)[]
<10>(0)[7.25](1)[](2)[22](3)[](4)[19](5)[](6)[14](7)[](8)[15.7](9)[](10)[9.18](11)[](12)[10.15](13)[](14)[23.12](15)[]
<11>(0)[14.26](1)[](2)[22](3)[](4)[15](5)[](6)[22](7)[](8)[14.26](9)[](10)[12](11)[](12)[10.19](13)[](14)[14](15)[]
<12>(0)[12.23](1)[](2)[20](3)[](4)[14](5)[](6)[22](7)[](8)[20](9)[](10)[17](11)[](12)[14](13)[](14)[12](15)[]
<13>(0)[10](1)[](2)[15](3)[](4)[19](5)[](6)[22](7)[](8)[27](9)[](10)[19](11)[](12)[21](13)[](14)[23](15)[]
